340 100
80 89
3 55
63 45
39 2
56 52
17 29
58 49
98 86
54 22
45 31
56 54
3 72
32 80
9 55
56 12
6 9
9 54
75 56
68 51
52 11
85 68
52 93
19 52
42 4
10 64
45 25
69 11
66 61
11 42
18 89
16 18
38 1
28 58
67 67
91 62
52 78
96 74
2 57
2 15
84 95
58 14
27 58
8 49
92 74
62 95
26 49
81 59
41 43
33 46
1 54
69 45
11 58
8 61
76 74
5 89
75 36
10 15
57 92
68 84
4 31
90 9
58 9
13 25
13 99
71 6
53 69
43 93
96 53
71 72
80 22
17 71
4 47
67 72
18 69
60 92
2 51
94 25
43 38
94 6
96 2
81 96
67 16
79 54
86 90
9 61
52 12
88 88
99 83
12 58
68 81
26 40
59 65
63 53
12 27
50 94
37 19
73 89
49 30
16 3
71 78
