101 100
30 57
31 70
72 57
50 48
38 46
3 34
33 72
56 47
35 57
18 99
3 80
54 73
42 43
3 45
79 37
42 42
39 54
63 24
64 11
27 25
42 88
90 13
61 6
43 31
87 51
88 85
75 17
36 49
16 20
32 78
52 13
50 91
50 19
86 23
83 94
29 31
43 27
83 18
9 83
3 32
72 27
80 30
86 3
6 69
1 17
46 56
44 32
86 77
10 58
45 98
46 9
53 23
84 75
60 75
71 4
42 77
53 18
6 6
5 81
26 41
4 55
89 21
68 90
49 88
31 99
78 51
12 94
74 43
8 58
40 63
71 66
49 68
61 86
3 90
81 51
40 44
27 100
28 4
55 24
49 4
77 97
73 19
44 2
91 76
19 64
29 10
14 32
81 96
98 35
22 32
10 25
72 95
17 6
1 75
98 6
99 39
45 99
45 59
62 78
22 63
