494 100
76 18
95 74
21 16
36 29
43 77
20 40
19 96
19 1
96 31
45 7
76 100
45 58
51 99
37 14
17 46
94 38
54 9
51 6
83 39
50 37
44 92
43 64
5 79
31 75
73 24
84 39
51 1
61 58
68 87
71 59
19 14
40 43
86 64
78 66
69 71
2 65
81 87
84 78
39 64
46 29
25 61
87 66
70 87
28 36
45 100
25 61
79 28
29 54
54 1
60 42
51 72
40 32
79 55
5 51
62 68
68 38
55 25
89 60
66 6
20 47
64 83
40 6
97 100
50 11
23 27
69 97
67 13
85 82
8 7
60 20
53 72
10 42
44 50
20 16
16 79
79 8
88 41
54 66
61 53
58 89
33 33
99 25
60 43
62 56
12 2
71 94
42 33
36 69
9 41
78 73
58 7
37 50
27 12
62 65
55 89
29 2
76 97
93 47
81 74
100 93