933 100
94 17
84 6
46 34
60 29
19 6
6 70
6 63
90 99
4 31
66 31
68 72
29 19
5 92
19 67
1 30
22 91
1 25
70 41
70 84
62 26
95 8
66 95
48 21
41 12
70 38
37 34
78 86
20 69
57 71
18 80
90 84
91 35
47 52
37 69
57 14
54 49
40 1
31 45
97 44
81 3
73 45
76 36
80 68
7 32
4 3
45 93
74 44
84 1
73 8
40 9
52 34
28 61
77 90
70 67
31 64
55 36
48 27
74 72
22 29
71 32
81 25
74 15
99 34
3 22
90 72
66 61
78 94
7 12
19 39
4 7
79 20
91 50
30 81
97 89
55 96
68 13
22 14
42 88
81 53
98 30
60 20
48 18
5 47
51 68
72 88
52 18
22 85
79 24
87 69
72 39
55 77
53 25
30 7
74 71
47 49
10 3
40 62
49 1
28 73
38 95