514 100
72 90
46 46
37 74
73 3
11 3
8 68
1 46
63 7
67 21
5 33
21 70
80 1
60 29
88 35
70 28
93 86
82 22
9 91
82 19
11 33
49 61
88 45
71 57
20 59
51 61
94 75
6 61
55 89
36 6
50 8
40 69
64 96
28 29
64 6
56 98
62 49
71 64
20 24
14 33
74 49
86 69
32 46
100 50
4 38
97 90
14 14
71 98
21 22
70 85
83 31
93 39
11 54
38 83
23 51
20 60
86 23
80 49
71 25
20 64
24 32
76 80
100 38
87 86
97 95
29 50
39 88
75 6
8 99
77 19
66 88
94 28
81 7
48 15
27 2
1 5
85 78
92 6
58 74
77 49
9 65
51 7
67 90
54 8
60 57
44 36
43 69
56 68
95 11
84 76
51 84
98 6
20 24
89 65
44 31
98 98
80 95
89 9
61 80
7 18
75 53
