188 100
4 95
20 71
100 11
4 37
28 1
99 45
27 1
26 38
45 67
5 48
58 89
96 37
97 34
43 2
49 82
11 27
13 18
39 12
6 26
30 94
52 77
64 66
84 25
91 57
88 65
8 54
80 17
90 21
17 75
64 49
52 29
91 16
52 48
41 93
17 99
14 84
20 29
45 37
19 8
43 22
1 34
52 31
10 75
85 55
55 63
55 94
87 91
97 22
47 92
40 9
80 7
88 23
73 29
8 73
39 55
77 8
25 9
65 81
34 51
84 78
40 67
86 33
76 8
100 8
90 82
57 65
3 15
71 44
70 58
81 99
75 36
16 1
51 48
44 83
19 35
89 37
43 37
96 96
53 86
63 75
58 73
79 38
38 2
64 51
10 11
6 6
64 65
44 99
21 31
37 83
58 65
41 80
84 10
46 36
98 77
96 23
9 43
1 97
7 93
34 20