74 100
71 2
25 49
5 14
72 49
15 37
74 65
78 26
27 17
99 17
77 59
75 62
62 32
8 49
94 11
95 54
19 64
50 52
14 66
94 10
69 49
33 23
85 18
68 43
61 49
30 26
84 26
7 5
6 22
30 10
87 56
43 64
42 71
10 30
75 21
34 74
1 44
88 63
92 7
32 26
66 4
31 59
74 1
91 66
57 18
85 34
91 5
72 45
55 20
87 34
46 47
68 7
54 8
70 17
10 21
23 34
37 32
55 24
58 52
59 30
74 21
95 6
9 5
78 1
100 28
6 38
86 76
68 61
77 59
32 38
64 76
2 66
17 15
61 17
91 60
35 2
81 24
50 47
38 5
86 28
47 16
47 36
24 44
44 9
20 54
97 8
89 56
35 72
19 17
43 71
33 25
6 46
96 55
17 34
46 23
42 17
7 22
9 5
18 39
31 40
64 18
