608 100
26 62
66 34
100 4
87 66
44 12
21 98
39 51
42 25
32 61
51 68
76 6
91 91
75 60
75 21
70 11
85 67
21 49
22 50
17 94
36 50
71 46
62 76
74 3
74 73
45 26
59 59
2 18
38 47
27 45
78 88
96 97
12 55
5 4
60 36
76 39
5 34
3 86
22 48
23 97
84 99
21 97
69 15
4 26
22 51
62 52
36 35
92 92
71 51
28 4
29 6
82 32
74 100
58 76
86 24
29 42
20 91
25 50
57 80
40 90
36 100
13 79
37 38
69 91
3 20
19 20
24 55
78 79
71 68
20 42
1 27
38 59
50 57
30 51
63 61
14 20
36 93
48 91
46 76
90 63
21 100
22 93
73 71
69 100
35 83
57 68
6 83
56 39
72 75
31 77
95 24
78 25
65 17
33 9
73 51
5 61
72 60
95 28
40 49
93 28
7 89
