82 15
40066 98020 199888 42350 141395 139030 150 157010 84976 128086 5106 29326 95154 80613 62771 15185 63144 148730 20646 22454 191866 127400 18144 199388 139646 32968 33658 172950 124593 144128 43288 69484 138327 159015 110924 55522 141374 197989 191348 180845 52731 186896 81715 104594 176079 170362 97890 114846 135680 118355 31721 64987 58904 16785 88628 5515 154222 145208 60324 154257 57729 1886 18611 185557 165440 15434 60016 17669 8235 86620 18575 134783 62392 73002 175369 127249 56161 141357 34685 189623 149696 151051
61 74
25 52
46 49
13 56
14 31
58 66
60 67
71 79
2 32
22 35
52 57
49 65
59 82
72 79
20 21
