745 4622
73988 73988 73988 73988 73988 73988 73988 73988 73988 73988 73988 73988 73988 73988 73988 73988 73988 73988 73988 73988 73988 73988 73988 73988 73988 73988 73988 73988 73988 73988 73988 73988 73988 73988 73988 73988 73988 73988 73988 73988 73988 73988 73988 73988 73988 73988 73988 73988 73988 73988 73988 73988 73988 73988 73988 73988 73988 73988 73988 73988 73988 73988 73988 73988 73988 73988 73988 73988 73988 73988 73988 73988 73988 73988 73988 73988 73988 73988 73988 73988 73988 73988 73988 73988 73988 73988 73988 73988 73988 73988 73988 73988 73988 73988 73988 73988 73988 73988 73988 73988 73988 73988 73988 73988 73988 73988 73988 73988 73988 73988 73988 73988 73988 73988 73988 73988 73988 73988 73988 73988 73988 73988 73988 73988 73988 73988 73988 73988 73988 73988 73988 73988 73988 73988 73988 73988 73988 73988 73988 73988 73988 73988 73988 73988 73988 73988 73988 73988 73988 73988 73988 73988 73988 73988 73988 73988 73988 73988 73988 73988 73988 73988 73988 73988 73988 73988 73988 73988 73988 73988 73988 73988 73988 73988 73988 73988 73988 73988 73988 73988 73988 73988 73988 73988 73988 73988 73988 73988 73988 73988 73988 73988 73988 73988 73988 73988 73988 73988 73988 73988 73988 73988 73988 73988 73988 73988 73988 73988 73988 73988 73988 73988 73988 73988 73988 73988 73988 73988 73988 73988 73988 73988 73988 73988 73988 73988 73988 73988 73988 73988 73988 73988 73988 73988 73988 73988 73988 73988 73988 73988 73988 73988 73988 73988 73988 73988 73988 73988 73988 73988 73988 73988 73988 73988 73988 73988 73988 73988 73988 73988 73988 73988 73988 73988 73988 73988 73988 73988 73988 73988 73988 73988 73988 73988 73988 73988 73988 73988 73988 73988 73988 73988 73988 73988 73988 73988 73988 73988 73988 73988 73988 73988 73988 73988 73988 73988 73988 73988 73988 73988 73988 73988 73988 73988 73988 73988 73988 73988 73988 73988 73988 73988 73988 73988 73988 73988 73988 73988 73988 73988 73988 73988 73988 73988 73988 73988 73988 73988 73988 73988 73988 73988 73988 73988 73988 73988 73988 73988 73988 73988 73988 73988 73988 73988 73988 73988 73988 73988 73988 73988 73988 73988 73988 73988 73988 73988 73988 73988 73988 73988 73988 73988 73988 73988 73988 73988 73988 73988 73988 73988 73988 73988 73988 73988 73988 73988 73988 73988 73988 73988 73988 73988 73988 73988 73988 73988 73988 73988 73988 73988 73988 73988 73988 73988 73988 73988 73988 73988 73988 73988 73988 73988 73988 73988 73988 73988 73988 73988 73988 73988 73988 73988 73988 73988 73988 73988 73988 73988 73988 73988 73988 73988 73988 73988 73988 73988 73988 73988 73988 73988 73988 73988 73988 73988 73988 73988 73988 73988 73988 73988 73988 73988 73988 73988 73988 73988 73988 73988 73988 73988 73988 73988 73988 73988 73988 73988 73988 73988 73988 73988 73988 73988 73988 73988 73988 73988 73988 73988 73988 73988 73988 73988 73988 73988 73988 73988 73988 73988 73988 73988 73988 73988 73988 73988 73988 73988 73988 73988 73988 73988 73988 73988 73988 73988 73988 73988 73988 73988 73988 73988 73988 73988 73988 73988 73988 73988 73988 73988 73988 73988 73988 73988 73988 73988 73988 73988 73988 73988 73988 73988 73988 73988 73988 73988 73988 73988 73988 73988 73988 73988 73988 73988 73988 73988 73988 73988 73988 73988 73988 73988 73988 73988 73988 73988 73988 73988 73988 73988 73988 73988 73988 73988 73988 73988 73988 73988 73988 73988 73988 73988 73988 73988 73988 73988 73988 73988 73988 73988 73988 73988 73988 73988 73988 73988 73988 73988 73988 73988 73988 73988 73988 73988 73988 73988 73988 73988 73988 73988 73988 73988 73988 73988 73988 73988 73988 73988 73988 73988 73988 73988 73988 73988 73988 73988 73988 73988 73988 73988 73988 73988 73988 73988 73988 73988 73988 73988 73988 73988 73988 73988 73988 73988 73988 73988 73988 73988 73988 73988 73988 73988 73988 73988 73988 73988 73988 73988 73988 73988 73988 73988 73988 73988 73988 73988 73988 73988 73988 73988 73988 73988 73988 73988 73988 73988 73988 73988 73988 73988 73988 73988 73988 73988 73988 73988 73988 73988 73988 73988 73988 73988 73988 73988 73988 73988 73988 73988 73988 73988 73988 73988 73988 73988 73988 73988 73988 73988 73988 73988 73988 73988 73988 73988 73988 73988 73988 73988 73988 73988 73988 73988 73988 73988 73988 73988 73988 73988 73988 73988 73988 73988 73988 73988 73988 73988 73988 73988 73988 73988 73988 73988 73988 73988 73988 73988 73988 73988 73988 73988 73988 73988 73988 73988 73988 73988 73988 73988 73988 73988 73988 73988 73988 73988 73988 73988 73988
356 569
219 526
515 533
201 706
642 660
191 203
335 368
696 713
26 42
345 412
192 202
8 459
407 431
726 743
560 636
329 585
458 474
57 377
213 235
400 424
106 196
140 150
671 676
264 398
226 226
397 419
146 194
314 333
278 387
71 132
100 471
233 250
595 637
638 697
30 35
211 520
232 308
509 578
718 740
424 695
537 569
414 430
119 138
512 567
468 484
131 168
47 262
220 225
235 399
271 271
297 312
320 697
538 573
475 521
509 510
227 275
362 363
387 458
166 728
159 180
661 667
516 537
493 521
137 164
614 615
740 745
601 711
584 588
412 414
280 283
187 220
211 744
745 745
116 432
444 452
186 233
241 252
486 495
315 343
386 398
86 432
594 641
566 661
587 629
76 587
588 614
214 633
199 602
345 360
410 473
488 514
370 587
74 113
92 101
599 670
25 693
558 603
443 509
197 198
696 721
118 118
97 116
109 109
316 341
423 678
634 638
600 622
3 540
404 453
257 617
621 698
585 672
493 496
391 439
473 671
463 467
692 698
186 655
186 207
178 227
582 590
372 612
107 479
371 598
633 695
479 489
316 365
478 583
641 734
424 478
521 574
65 132
352 594
206 718
388 633
606 628
200 620
281 287
173 188
406 742
435 614
609 630
531 580
395 693
649 696
81 111
282 411
328 695
654 656
248 267
663 697
696 729
626 646
639 640
452 630
287 290
538 555
222 269
413 436
622 660
389 456
44 327
30 43
57 338
90 139
224 256
31 37
145 174
546 601
211 236
479 496
709 734
443 569
224 363
498 558
271 289
55 644
291 326
55 76
184 630
46 60
699 719
118 151
607 728
580 631
531 532
438 451
330 377
277 519
541 542
353 681
703 704
479 512
482 542
62 131
697 707
615 666
98 681
113 172
260 335
534 706
105 317
255 312
10 74
12 12
644 695
657 660
274 277
541 579
452 484
201 434
261 305
474 516
292 295
299 616
133 140
630 644
568 697
251 653
400 531
252 294
439 480
640 656
274 556
576 656
602 607
641 688
447 490
159 165
128 290
212 250
134 545
391 392
252 274
272 397
31 106
121 402
62 536
214 240
121 198
366 407
5 11
81 625
144 537
530 534
542 742
710 713
355 383
223 590
455 703
615 633
539 577
278 446
654 684
539 634
87 105
695 703
448 515
601 609
352 375
663 712
541 710
742 742
250 265
589 668
337 471
514 524
347 384
525 539
731 742
32 40
296 298
244 257
455 666
610 698
361 468
378 638
524 532
729 743
450 603
458 689
643 677
382 393
291 351
130 139
296 711
255 294
40 44
339 646
292 328
705 734
272 704
109 115
695 737
501 524
601 602
462 463
385 389
503 528
370 374
377 732
643 650
653 660
348 369
570 592
365 537
373 468
126 153
209 270
717 741
425 430
8 82
94 142
735 736
486 529
483 503
96 688
468 480
570 576
631 662
71 501
37 101
560 563
91 139
566 567
111 116
45 48
34 228
703 718
725 738
249 250
3 244
557 590
174 238
574 590
305 338
102 524
464 481
139 695
239 250
191 242
446 455
423 425
475 574
701 732
614 718
246 287
531 601
486 503
625 649
540 544
264 291
583 668
256 277
448 466
201 211
157 168
569 665
275 576
398 464
66 190
678 701
143 150
681 698
273 290
191 422
479 513
55 120
209 247
724 740
335 338
272 439
599 627
679 726
472 472
56 401
69 203
406 651
668 700
617 631
170 196
110 132
198 457
182 191
90 612
442 487
103 243
52 62
589 633
687 688
349 361
242 282
51 84
193 383
727 740
421 525
191 239
286 303
99 104
518 537
503 512
130 671
274 311
595 699
371 381
342 584
20 379
632 644
116 336
325 582
199 200
491 680
737 737
439 458
144 202
295 321
471 486
159 164
625 640
90 116
360 361
227 233
365 368
150 171
347 355
56 470
645 740
59 99
116 159
448 451
593 597
73 158
715 729
705 712
374 470
589 648
18 397
280 354
718 724
339 346
596 599
724 725
278 311
423 594
644 686
114 115
312 395
67 101
517 523
52 246
292 338
254 266
244 289
378 477
477 504
3 39
123 137
462 478
656 668
474 508
452 462
721 740
174 202
218 699
95 142
390 414
620 622
619 649
706 721
32 102
59 430
604 642
562 645
76 104
385 388
532 741
264 286
395 475
304 485
153 495
585 614
22 413
378 403
185 665
551 633
436 459
461 481
421 433
67 99
21 48
621 721
226 226
604 604
570 573
51 190
512 682
173 215
683 712
477 730
51 126
476 508
133 235
108 149
672 723
314 371
208 578
400 688
703 713
153 159
378 450
679 712
687 709
46 52
435 468
427 523
372 388
116 149
522 553
462 653
629 714
695 736
564 594
382 457
481 571
360 360
627 675
261 276
153 167
592 629
590 605
695 699
252 496
571 612
403 464
383 404
183 184
140 175
503 518
117 129
606 656
298 360
463 467
141 148
661 682
9 590
667 723
383 712
664 694
710 740
577 590
76 384
217 230
359 368
71 577
361 379
471 505
528 540
606 701
462 675
191 453
202 208
549 549
534 535
410 424
594 663
273 303
735 737
499 650
486 497
286 362
118 119
110 182
518 596
426 744
657 677
601 621
216 225
104 167
39 345
470 471
422 442
394 414
291 291
183 419
350 549
638 659
148 731
292 299
253 370
283 288
266 266
428 432
53 98
111 119
77 171
88 88
175 188
500 506
527 570
447 455
344 350
691 714
13 51
69 113
328 369
628 674
485 492
721 730
607 616
119 224
667 741
623 632
113 123
222 592
711 723
595 608
330 335
728 737
44 108
663 690
634 699
534 573
305 374
151 166
254 488
685 745
105 424
280 575
127 447
196 312
574 598
101 141
141 166
547 607
297 297
745 745
405 435
84 245
11 331
253 640
260 314
452 681
486 494
634 659
668 743
549 603
726 735
54 565
499 518
41 52
300 326
21 43
37 416
75 151
732 734
291 702
141 154
355 361
683 720
688 703
445 564
595 618
225 237
565 589
391 734
642 677
667 670
41 70
361 594
667 714
593 604
437 740
192 387
327 386
738 739
672 695
7 571
305 378
625 741
410 439
387 440
129 372
560 643
593 625
566 583
176 213
341 367
194 529
628 634
596 641
113 214
27 66
351 378
440 485
620 621
258 289
146 154
430 679
515 634
41 244
695 729
115 122
65 603
638 710
236 264
699 719
143 265
73 524
325 541
251 505
223 261
211 225
17 532
413 416
443 614
596 602
28 40
522 584
722 733
733 733
133 142
78 102
558 559
531 535
435 675
546 570
189 477
582 704
12 12
287 318
262 271
313 316
370 376
22 22
68 75
205 228
342 575
585 592
151 281
696 723
710 715
501 510
728 745
597 667
465 512
449 481
223 265
79 98
550 578
630 650
43 57
40 48
327 379
523 544
661 719
742 742
511 659
674 676
254 661
110 150
523 541
109 661
653 703
738 742
314 706
242 247
691 692
421 447
468 475
651 663
470 481
57 411
368 546
737 742
274 278
461 725
726 740
480 737
539 560
660 677
109 141
40 40
284 363
318 319
178 189
455 456
287 289
566 571
535 544
444 463
510 536
482 482
515 516
237 266
49 724
301 304
475 499
676 737
674 681
219 277
268 384
526 731
476 540
605 630
588 589
290 352
108 304
61 110
296 301
271 623
389 438
523 565
475 482
59 74
472 491
363 712
481 523
216 221
665 691
127 143
112 228
607 613
656 656
501 552
666 666
370 460
78 394
272 322
449 574
375 661
272 433
435 441
702 741
585 664
277 488
719 745
338 386
325 337
543 622
378 382
627 666
33 37
200 237
236 497
58 743
644 665
521 522
508 519
600 715
217 225
367 456
485 501
293 433
580 611
35 38
50 86
545 579
400 408
688 701
509 534
576 613
669 671
597 597
261 272
260 441
203 247
95 156
588 745
228 260
480 498
407 591
685 735
107 410
207 256
59 62
665 739
305 381
521 587
274 509
571 578
438 471
584 605
314 697
363 544
468 527
178 201
112 121
450 720
235 243
25 51
404 470
488 514
278 670
683 685
399 405
83 97
517 517
359 363
545 586
39 76
696 733
366 383
453 668
503 514
212 537
716 723
655 713
199 335
733 742
429 725
192 199
43 43
502 504
264 344
258 614
535 583
352 360
370 613
255 257
186 257
200 214
32 613
371 397
239 242
134 331
282 661
319 321
701 743
383 739
28 62
734 734
484 488
671 681
161 285
535 570
356 397
584 585
241 280
639 699
360 388
636 642
15 579
539 594
4 293
69 69
287 316
25 79
506 638
718 728
349 522
6 18
311 339
181 581
423 624
132 186
348 357
707 721
667 708
48 313
411 460
268 743
303 406
588 615
436 629
460 463
570 713
689 715
578 624
546 550
89 144
469 688
297 555
459 689
551 632
222 223
164 192
113 135
693 726
151 415
253 477
560 560
300 375
206 214
458 480
443 744
143 368
685 731
163 173
509 533
496 514
159 163
28 57
676 720
602 606
723 735
390 459
742 744
503 557
418 441
715 715
208 483
75 326
653 677
129 156
549 626
455 680
29 73
437 471
387 402
254 270
53 658
82 581
317 462
202 207
677 725
245 303
448 453
490 644
7 268
384 607
440 449
553 631
69 115
240 368
112 730
516 529
213 389
85 224
210 373
126 126
473 535
217 358
678 715
736 740
360 364
373 714
273 314
713 714
324 353
591 597
703 722
380 411
684 732
410 652
737 741
493 504
576 578
688 709
657 676
338 432
73 77
587 719
507 578
514 528
370 379
171 181
717 718
425 512
610 729
696 723
703 709
491 518
208 218
90 93
92 110
245 245
112 632
270 475
363 404
352 375
137 501
158 163
77 115
469 646
466 733
217 253
560 618
730 737
337 364
633 646
556 703
364 745
551 555
476 548
335 533
48 662
630 644
443 481
314 529
721 739
201 269
291 337
120 178
196 202
93 97
135 641
79 138
696 735
321 700
693 693
193 251
163 166
375 667
43 403
392 409
428 505
37 64
418 431
695 704
295 307
132 200
94 108
241 281
321 625
540 556
689 690
145 686
305 308
500 502
615 626
528 600
623 626
144 145
208 209
480 551
179 194
133 633
487 599
502 518
452 460
455 465
329 333
480 572
399 404
700 725
591 623
622 667
53 123
355 367
213 440
652 658
162 231
628 670
517 545
485 557
72 689
619 647
461 517
152 506
614 660
323 327
186 197
432 527
182 232
670 711
613 614
258 271
402 415
165 741
429 438
161 168
647 666
170 622
408 530
327 333
643 701
559 565
58 281
193 206
41 46
62 278
650 693
527 635
661 718
339 374
424 441
674 715
29 55
654 676
294 475
665 717
542 550
343 390
206 226
507 515
528 591
406 428
721 732
594 594
43 698
235 464
323 373
279 296
91 96
131 164
347 394
738 740
236 238
280 293
315 334
484 487
499 570
147 172
371 447
319 662
195 365
622 626
90 402
582 599
267 310
662 704
203 682
552 720
673 724
469 481
52 500
518 543
442 635
623 651
442 444
697 737
317 349
163 527
17 54
186 240
170 182
390 396
147 167
500 526
554 709
729 733
479 565
697 713
441 441
362 400
396 402
526 575
533 653
631 665
257 387
20 716
666 745
369 408
725 728
684 687
713 719
558 558
405 413
481 483
661 687
506 660
254 566
565 588
690 700
29 32
514 560
32 39
594 600
75 323
405 516
696 696
608 610
497 504
563 593
192 197
638 639
101 568
498 600
590 593
8 714
108 189
475 488
179 495
543 568
523 646
117 122
292 447
446 504
477 506
733 740
12 29
191 451
55 55
559 610
290 580
657 662
116 117
26 53
183 191
240 284
192 585
165 170
168 171
448 466
170 197
172 677
696 744
86 100
116 595
550 550
184 196
520 530
443 445
175 248
307 350
214 237
290 296
370 409
623 632
63 91
459 459
541 551
561 618
64 128
257 319
51 623
671 674
667 685
42 71
330 330
510 623
172 228
249 319
562 562
707 715
12 24
162 170
29 41
547 623
41 50
43 44
691 744
280 523
80 551
51 329
554 590
447 731
416 738
674 677
459 471
316 594
702 709
592 595
281 452
716 728
476 485
347 398
30 34
157 617
433 440
478 498
133 343
569 613
236 256
451 461
195 255
633 714
603 649
545 616
486 670
726 740
176 370
221 568
718 738
17 18
628 679
682 721
394 411
139 393
600 625
694 709
618 688
427 634
171 330
485 511
241 699
4 649
162 168
435 438
120 122
384 392
706 717
426 442
570 576
374 391
273 288
669 695
278 353
87 108
272 407
301 471
490 575
83 627
736 740
388 399
77 80
418 440
258 405
183 239
178 204
331 410
541 636
661 672
246 277
476 484
378 711
78 303
285 307
704 707
348 633
176 201
79 90
144 159
490 539
173 179
651 677
14 109
605 608
387 691
642 699
317 732
151 216
532 685
717 729
347 351
449 450
105 115
3 5
426 429
192 684
170 239
426 687
233 348
177 182
271 586
562 564
474 668
633 714
464 474
34 696
70 87
140 142
488 509
253 526
434 471
378 419
614 683
468 708
715 743
502 657
516 516
349 385
481 587
400 403
320 371
42 61
280 554
106 141
236 257
445 513
544 596
634 683
436 650
217 276
403 444
84 173
59 67
399 411
319 465
107 115
354 362
358 668
649 672
247 262
482 651
39 466
699 719
470 718
259 352
362 745
159 164
339 720
565 672
469 495
85 417
174 665
604 648
637 691
336 443
640 643
146 167
530 533
1 6
351 353
290 330
482 595
712 715
692 722
385 555
165 592
73 128
172 180
363 413
252 256
71 134
194 216
667 705
194 713
43 121
68 71
252 338
237 255
289 327
256 259
681 682
90 159
50 118
33 64
743 744
511 711
475 496
468 490
306 309
257 515
114 370
207 299
114 116
391 684
323 326
551 743
139 151
669 679
211 219
319 585
323 326
24 25
443 443
395 408
328 391
305 366
448 466
576 641
677 735
256 292
55 85
173 177
162 208
520 636
474 556
384 417
544 687
618 694
618 624
695 734
597 686
598 640
301 522
258 331
244 247
31 41
311 688
539 585
339 339
515 577
614 625
128 436
385 390
631 660
434 516
352 732
132 160
59 376
683 740
729 744
248 250
690 696
227 239
500 502
395 574
493 508
354 376
515 685
207 616
502 630
347 528
697 730
521 550
113 486
426 467
432 470
45 92
245 285
15 35
123 242
74 116
426 521
135 139
524 562
414 416
149 588
582 621
572 671
594 627
494 546
203 217
60 66
267 466
585 631
185 265
433 433
124 149
601 603
114 117
621 675
250 333
18 389
684 684
431 519
198 209
428 473
503 542
297 363
317 317
306 735
727 732
481 505
131 153
727 739
212 544
131 365
350 391
119 138
14 567
4 443
689 726
338 346
678 690
666 674
728 733
515 634
497 504
215 649
395 436
738 742
492 502
253 290
528 528
206 709
626 647
680 683
231 242
649 734
111 270
728 732
706 727
425 434
647 678
56 114
569 571
718 730
338 375
555 683
365 441
518 539
5 80
336 395
453 458
252 258
361 369
521 563
138 534
112 447
673 676
135 168
595 643
688 740
263 426
470 495
79 322
556 577
641 735
35 631
93 701
355 736
455 461
578 671
606 704
16 609
292 350
32 40
336 545
36 540
548 556
1 30
229 448
564 589
69 142
633 660
226 227
663 679
516 539
431 471
104 104
356 387
294 727
199 260
35 63
207 284
402 402
605 692
278 735
563 689
247 272
363 417
547 557
218 357
604 712
430 461
521 696
34 40
314 326
301 339
479 485
42 49
36 100
328 376
727 742
290 338
587 591
568 594
216 256
590 598
225 225
359 428
653 675
368 421
89 685
672 717
616 617
592 665
290 300
579 654
38 271
143 200
696 720
441 490
170 706
592 610
207 524
18 595
627 687
564 582
298 632
200 208
202 220
681 738
723 735
249 250
126 161
82 89
229 336
80 601
425 478
460 491
74 159
573 574
234 250
455 472
35 58
244 250
215 243
501 506
273 514
679 727
332 336
194 482
591 713
265 313
712 732
235 257
364 383
695 728
545 553
738 738
725 736
107 212
115 145
256 534
353 380
294 547
38 99
677 678
624 650
70 298
266 273
182 509
522 535
255 408
353 383
212 366
251 259
286 517
55 76
740 745
137 206
8 215
171 319
476 488
165 688
648 695
257 280
221 246
215 567
668 728
574 621
424 448
126 284
184 471
93 272
719 743
714 739
190 264
257 305
514 537
285 306
326 356
88 88
238 238
208 370
518 530
335 648
10 47
560 652
454 509
670 674
376 387
553 593
396 422
306 308
216 227
558 595
405 432
403 415
250 287
397 407
404 481
527 587
213 627
320 583
291 632
512 522
93 109
668 672
235 266
731 732
398 446
442 460
537 556
75 76
465 658
156 201
78 184
650 683
438 484
425 455
188 194
304 304
453 495
205 284
109 497
138 422
75 501
399 678
558 613
227 378
78 80
700 724
538 555
261 268
472 472
704 723
529 536
678 722
655 658
436 440
554 575
204 715
83 123
366 368
577 718
712 723
161 177
688 692
366 458
49 94
143 198
402 407
428 513
343 510
59 81
140 148
238 389
245 266
375 396
499 508
246 282
303 332
494 584
264 339
273 344
365 374
196 200
421 470
295 326
132 136
327 497
59 337
688 730
109 111
121 135
500 500
495 525
587 732
110 592
128 128
31 53
404 439
543 605
214 249
614 614
454 478
60 541
270 270
557 590
609 628
365 432
547 696
641 654
595 602
412 450
726 737
136 576
429 435
223 324
438 471
72 80
664 685
250 260
625 690
236 348
12 57
247 259
43 87
193 252
243 243
87 149
738 742
745 745
475 550
631 660
547 570
399 571
589 603
625 629
680 712
22 34
555 741
595 595
301 662
691 718
640 667
33 53
107 621
677 735
678 684
591 611
519 532
254 255
33 61
570 677
461 517
149 193
164 172
148 268
171 717
522 543
265 339
66 480
27 326
103 459
694 743
343 441
477 508
724 730
467 571
127 163
414 425
505 616
638 670
561 585
278 279
5 39
38 416
421 428
53 372
42 104
163 183
181 696
678 717
158 181
274 336
590 743
153 536
118 728
492 699
421 438
457 644
521 639
574 744
745 745
69 399
193 339
364 666
57 564
471 483
732 742
110 132
21 32
387 417
48 51
419 672
477 526
1 15
590 709
106 129
334 371
183 652
162 165
705 740
645 697
473 487
36 55
253 455
656 685
589 628
432 440
344 368
479 741
162 207
699 700
401 456
328 687
360 372
67 71
483 487
689 716
394 414
294 460
240 331
285 299
709 745
285 307
171 683
445 683
564 657
568 629
532 560
230 242
455 741
395 418
137 144
31 75
682 683
373 453
638 642
576 610
297 321
352 652
597 736
604 614
575 587
253 253
393 564
682 687
495 738
602 716
712 716
600 632
603 605
466 602
258 429
543 714
68 572
434 491
203 629
92 140
79 134
344 348
692 741
461 526
98 100
110 123
172 176
631 633
569 737
258 296
568 733
745 745
140 667
113 144
9 542
19 20
338 598
43 44
198 201
349 632
116 165
348 376
350 615
738 744
606 629
109 179
100 136
311 313
165 462
441 657
265 269
723 734
580 592
163 195
574 641
599 681
614 626
5 157
1 12
266 455
428 609
508 731
123 523
363 375
217 261
59 109
298 501
278 327
148 725
331 335
232 240
745 745
395 408
102 684
373 558
502 552
122 124
331 433
591 595
225 260
145 630
528 597
523 523
444 634
391 482
380 686
425 659
447 518
246 251
179 207
261 280
622 666
348 588
575 583
165 302
527 558
83 110
431 454
19 61
586 600
374 516
98 386
714 714
223 230
542 596
480 505
435 467
482 499
53 152
82 144
303 319
257 311
572 572
658 703
488 665
660 696
146 164
232 364
138 169
489 503
468 511
348 358
534 545
96 129
317 318
729 736
597 733
501 539
181 197
684 724
709 744
253 292
458 486
393 424
699 720
248 254
154 478
318 363
682 742
607 712
456 724
681 736
221 301
231 564
634 733
653 670
722 725
730 744
178 220
646 681
472 526
141 157
598 616
577 703
696 707
491 510
139 154
24 123
262 304
427 438
328 369
601 603
579 692
101 115
680 681
647 712
712 720
161 656
690 708
738 744
434 450
635 660
46 399
118 177
160 225
185 447
211 451
336 365
383 731
496 504
740 741
398 569
545 627
50 50
307 609
449 449
482 520
645 725
187 217
423 496
611 636
403 614
619 725
685 687
471 480
236 268
673 679
224 249
397 690
381 566
334 428
389 389
486 533
57 237
536 703
610 663
396 449
695 699
188 278
267 594
623 665
243 293
181 632
342 358
229 233
598 675
345 358
17 29
400 401
368 567
266 325
730 731
308 564
111 194
373 473
705 745
687 725
426 441
644 741
610 679
402 446
63 96
607 611
486 508
602 700
624 743
99 169
188 677
10 17
223 330
218 618
522 574
269 271
256 324
295 356
86 708
70 92
641 649
740 740
485 506
572 611
226 596
133 463
570 573
200 219
152 174
623 725
242 259
450 463
384 483
360 666
665 685
421 452
273 319
329 348
533 534
126 487
744 744
553 600
318 497
27 373
556 557
543 544
499 515
512 539
458 551
562 658
199 501
398 522
225 253
284 493
235 271
152 207
175 184
354 369
298 361
251 254
331 390
615 655
4 17
28 684
578 587
277 339
462 486
17 111
325 396
96 127
738 743
210 568
537 569
610 698
671 728
120 198
549 565
741 744
67 315
579 609
257 274
243 245
146 178
467 471
636 702
481 509
130 738
42 71
62 63
294 308
236 282
292 364
69 88
190 205
106 298
625 631
345 357
731 736
600 605
585 601
191 313
609 610
574 615
649 719
150 637
195 210
49 78
225 256
448 658
28 100
511 532
12 68
703 720
373 600
722 727
625 718
28 45
453 546
707 732
365 385
354 355
341 684
81 516
512 540
328 384
169 209
567 637
472 731
688 689
338 729
206 208
374 395
634 652
448 495
35 59
358 359
419 648
187 204
110 141
567 568
496 629
342 413
160 233
175 190
106 107
706 710
381 384
573 599
436 700
127 133
549 591
424 454
493 529
365 385
298 299
655 711
493 526
363 513
41 109
667 731
562 631
328 598
459 490
516 546
645 647
157 157
294 301
311 323
389 404
439 497
89 129
392 437
237 245
722 742
365 371
320 322
657 661
642 678
638 721
394 433
248 292
713 745
42 272
672 699
414 419
312 377
100 128
242 340
304 645
189 270
628 718
417 419
42 308
366 436
19 89
557 663
508 723
324 326
590 646
53 110
216 218
514 741
408 681
575 576
642 680
112 674
99 105
259 283
158 161
159 383
432 457
608 619
166 529
511 674
599 724
287 294
647 704
123 143
226 257
97 134
285 289
259 280
38 306
108 124
291 640
676 694
614 720
611 627
89 676
118 592
572 636
497 531
22 582
197 247
334 493
178 604
3 500
289 350
319 353
4 449
711 723
290 311
395 399
441 486
213 224
353 355
684 695
145 492
7 71
654 687
177 626
161 173
193 198
680 707
501 512
255 265
463 476
129 183
450 492
519 739
127 151
551 714
724 742
703 721
275 374
75 119
653 673
413 413
704 745
433 689
215 247
196 202
110 111
350 351
568 624
194 234
681 693
525 550
287 287
256 263
123 350
513 591
660 684
74 89
577 582
497 502
594 599
690 690
513 520
733 737
407 420
669 678
507 523
149 493
108 671
714 720
251 259
67 69
80 134
629 692
668 684
66 127
658 691
406 409
547 558
401 421
117 131
483 510
539 655
85 287
593 594
618 657
27 376
681 731
41 63
668 731
293 334
460 733
543 559
237 254
121 299
157 162
139 225
179 514
263 300
687 702
564 639
502 596
299 307
550 573
615 621
59 132
178 454
439 477
536 559
654 736
18 52
250 252
14 525
476 503
193 196
646 675
372 733
513 519
243 290
690 706
19 23
416 441
214 215
171 563
56 268
80 362
134 542
233 239
300 319
195 202
88 211
617 692
325 357
48 59
30 31
6 346
423 542
653 667
374 381
443 451
113 114
722 734
491 504
407 461
23 44
198 226
455 493
594 599
511 515
731 740
633 696
711 733
168 178
540 607
610 639
411 694
256 261
117 127
741 743
719 728
374 587
451 477
455 515
732 732
699 719
318 480
671 701
6 6
666 677
505 512
30 50
38 54
463 490
93 627
647 658
466 486
482 509
266 275
66 731
325 337
741 745
153 229
126 139
278 366
311 673
72 331
485 510
447 514
150 156
301 302
433 566
410 454
101 447
629 656
401 408
294 306
240 288
277 277
441 482
295 322
488 541
230 527
657 663
701 735
613 624
655 691
701 729
385 452
233 513
110 440
650 685
655 686
247 275
381 715
624 672
618 628
437 446
372 411
682 743
328 328
486 500
531 566
587 655
660 705
174 216
363 393
585 593
274 286
408 421
621 735
177 217
98 115
37 688
391 394
523 711
672 697
92 245
684 713
597 614
153 317
215 217
338 355
355 382
532 725
440 462
472 605
95 110
669 693
148 210
239 680
261 271
317 323
624 627
609 625
115 173
68 699
295 300
581 595
657 657
589 676
561 638
230 253
501 545
465 477
433 469
131 134
329 410
76 77
110 122
382 728
46 71
591 627
729 732
175 191
186 187
572 592
721 736
61 650
312 315
492 537
576 708
211 214
231 345
435 718
191 197
529 555
458 467
238 291
557 633
558 589
554 594
285 509
237 240
214 246
589 598
376 379
500 503
16 45
365 381
210 313
684 685
684 702
668 734
330 347
288 358
170 697
498 554
476 503
302 315
35 38
421 428
661 712
219 457
93 99
714 723
341 341
610 633
117 378
702 733
638 638
221 248
29 46
53 346
380 383
148 548
187 646
710 737
573 588
151 154
435 503
590 596
344 456
394 619
640 656
25 187
36 524
562 716
24 345
713 733
12 562
102 155
553 744
270 290
721 743
737 744
270 271
323 369
87 465
708 734
496 567
10 11
120 630
324 629
696 696
230 310
311 489
645 685
491 495
279 462
317 317
14 16
24 40
368 392
542 617
549 638
175 177
565 574
406 434
433 449
41 657
340 385
520 533
394 478
382 397
377 379
316 317
450 486
510 565
701 743
397 448
641 665
161 285
598 601
167 173
424 441
389 412
660 683
258 301
681 697
69 316
455 594
700 731
730 735
593 634
589 608
543 690
314 315
394 463
262 382
594 631
574 702
507 568
250 331
690 716
261 501
211 213
255 266
115 173
126 183
314 341
436 640
59 142
603 614
168 176
351 429
216 271
594 596
364 384
589 636
669 694
606 712
497 514
457 515
114 142
480 508
139 157
714 732
263 281
656 735
709 743
329 337
380 407
503 538
276 319
727 742
400 744
420 464
279 280
726 736
28 377
221 681
165 225
134 223
147 188
689 720
62 630
596 636
661 712
24 75
625 648
476 492
554 630
293 295
58 675
408 629
364 423
698 706
503 539
67 79
697 698
704 714
622 622
398 576
438 709
64 82
214 219
22 28
316 612
19 80
307 343
734 738
639 639
93 684
655 733
121 143
587 694
270 271
556 594
97 134
358 368
149 156
577 592
377 574
443 739
260 297
194 217
494 530
163 187
249 264
314 636
333 333
184 670
140 221
465 471
163 185
203 242
621 702
313 672
524 533
405 641
725 741
682 687
176 622
454 515
264 313
632 633
454 473
387 582
322 358
103 600
226 232
145 147
80 88
472 507
138 153
705 707
433 445
299 412
367 376
215 216
32 363
524 552
231 324
225 230
742 742
681 716
581 604
425 680
239 250
718 745
456 463
610 615
86 91
101 397
580 582
565 605
164 431
16 441
80 101
277 580
437 464
176 496
88 365
256 261
284 326
66 97
34 381
54 69
72 657
336 657
417 432
416 513
720 745
507 662
448 464
515 600
386 408
9 182
184 187
397 429
425 676
346 400
531 594
112 419
576 582
57 59
78 120
363 384
571 619
334 468
278 324
307 449
141 407
149 654
645 652
717 717
337 453
449 661
182 210
45 49
421 679
120 121
392 432
450 472
440 454
437 446
688 726
667 717
421 445
321 371
86 89
443 501
357 413
728 728
6 490
567 603
377 383
543 666
494 604
439 450
619 721
182 191
601 667
211 286
155 169
181 677
548 601
475 618
705 741
105 110
354 372
705 730
606 742
553 574
170 221
133 146
99 671
553 584
674 680
665 671
736 739
381 697
361 679
109 137
388 611
723 735
356 403
198 200
369 401
500 501
634 651
369 371
397 406
628 680
210 719
100 648
205 499
121 173
656 676
553 568
729 736
28 311
441 481
666 666
726 741
40 71
482 483
290 296
651 691
568 582
270 285
671 672
467 474
193 199
329 736
52 173
639 670
337 354
521 659
290 291
392 408
334 561
168 173
14 31
370 373
120 128
480 515
523 567
14 139
214 337
544 566
526 537
297 297
505 507
383 420
619 646
222 379
485 503
392 425
459 512
627 646
691 710
50 55
423 426
83 89
489 528
89 123
72 96
593 606
305 327
695 700
674 714
710 727
382 664
121 190
598 612
301 326
669 682
547 608
421 543
690 698
204 210
247 601
531 561
107 502
5 337
28 702
158 158
25 276
560 657
440 442
512 611
44 519
323 376
437 440
366 390
543 610
151 155
472 546
556 587
52 529
371 421
142 206
677 729
193 215
518 535
434 483
12 63
517 651
65 228
499 509
379 413
387 390
560 733
461 481
293 371
468 694
9 13
64 64
633 649
264 497
565 599
253 303
326 384
650 652
103 167
705 732
745 745
656 729
488 643
228 738
743 743
456 498
723 730
450 497
539 541
83 114
554 579
241 466
206 496
172 294
490 688
141 218
283 412
253 268
558 581
40 101
419 423
317 542
534 550
14 354
453 477
143 205
524 739
438 448
352 505
154 208
412 434
587 705
166 219
484 506
444 494
322 455
107 121
735 738
571 638
224 362
208 745
400 441
259 312
192 197
62 85
510 516
573 624
503 523
723 741
165 179
642 693
33 35
439 463
652 726
445 449
581 602
7 13
402 477
331 346
40 96
532 634
134 636
745 745
5 327
186 319
349 630
585 628
203 228
162 185
410 410
459 510
68 574
96 96
655 655
417 431
431 562
252 291
688 701
690 712
63 260
292 325
82 82
161 234
361 429
739 743
655 718
325 348
61 66
331 352
234 240
281 291
675 690
469 619
659 688
234 382
608 696
696 727
710 728
725 739
133 183
737 744
154 676
217 519
106 107
462 500
23 79
573 592
521 552
68 76
125 138
365 425
52 236
292 292
351 591
578 583
542 600
271 450
388 392
229 246
58 536
709 710
425 535
73 318
606 643
245 279
672 713
635 648
708 715
160 170
104 290
403 406
676 692
269 552
518 577
651 657
500 503
26 686
739 740
395 489
455 467
134 143
4 511
621 652
42 72
452 716
511 521
718 724
636 689
200 212
532 549
111 711
559 688
372 444
158 209
151 169
104 110
324 619
322 350
557 683
102 116
198 270
664 693
73 291
657 699
393 708
434 671
389 391
116 136
45 99
316 710
577 636
58 417
124 457
233 239
666 690
98 100
339 592
393 499
175 653
649 670
726 741
294 700
395 486
405 717
488 489
357 370
552 555
456 480
100 138
258 395
118 166
676 725
181 388
567 585
505 514
364 385
652 652
663 670
555 565
122 318
92 536
464 467
364 381
383 392
418 653
703 703
738 742
241 241
2 403
670 694
712 738
658 708
372 470
743 744
492 513
61 94
333 738
744 744
627 741
437 532
121 123
429 621
343 357
13 50
169 170
727 740
153 159
115 122
115 166
443 481
56 59
340 347
123 183
454 557
107 133
454 503
690 707
631 633
154 677
225 287
555 615
464 740
521 560
263 496
357 628
402 413
458 715
192 431
13 49
584 600
333 370
364 388
222 224
68 459
457 724
68 88
548 573
316 644
122 582
82 85
582 603
680 707
677 729
655 665
229 307
65 74
727 727
27 65
50 89
289 294
699 703
337 365
632 647
574 585
641 720
703 741
56 110
695 728
75 373
316 535
655 704
99 158
702 719
168 587
481 483
532 620
568 569
262 507
497 647
720 725
292 309
237 242
67 599
424 461
572 617
156 467
649 702
271 322
625 657
217 221
614 614
140 553
238 255
149 211
715 716
545 555
433 456
380 415
263 265
247 247
124 154
416 467
689 744
106 152
378 505
161 370
482 509
625 639
328 745
328 356
151 160
99 681
358 605
590 673
448 449
203 585
20 53
708 741
46 358
531 533
488 569
532 579
356 379
591 648
24 185
646 710
475 669
20 42
552 569
429 451
681 710
383 415
87 101
26 246
308 732
293 520
489 683
715 736
432 443
243 545
602 604
32 738
341 358
598 600
722 729
675 724
339 385
200 698
399 420
117 141
159 315
13 39
288 713
263 672
135 184
125 132
77 79
443 468
620 624
38 711
542 561
632 641
597 645
16 31
520 533
59 83
650 688
342 675
426 587
642 691
629 635
327 327
694 729
527 659
393 661
71 72
102 124
210 236
251 462
524 566
572 645
268 407
215 714
138 341
178 268
507 725
427 455
75 152
701 704
312 327
48 528
584 668
385 396
121 125
68 551
286 297
731 745
234 246
366 591
317 318
135 244
137 151
459 467
316 324
506 640
558 566
326 411
25 27
120 134
172 263
567 593
10 13
44 51
617 663
332 372
174 176
77 79
181 252
94 413
6 41
398 440
722 723
477 497
38 327
374 447
565 591
707 729
235 246
28 73
192 196
37 71
387 635
251 293
77 423
103 119
31 43
57 657
154 155
317 327
581 688
425 428
228 458
677 723
493 512
104 106
720 729
105 153
500 511
318 325
275 275
231 312
380 564
524 709
736 742
295 325
101 183
613 618
3 9
615 615
416 720
115 472
34 41
593 692
473 474
288 329
164 691
643 668
619 663
436 517
572 735
512 554
11 12
570 590
31 423
690 721
386 431
259 274
118 714
449 621
224 247
595 597
53 132
19 615
359 369
435 565
139 281
608 648
96 99
580 588
332 346
271 611
305 311
429 436
504 504
172 182
331 434
677 701
261 491
432 449
29 383
307 558
379 379
398 437
38 72
568 582
193 409
626 705
646 649
557 611
668 713
445 514
63 454
292 344
492 527
365 368
569 572
697 712
588 599
480 567
527 527
534 540
257 276
331 403
12 81
420 435
550 581
577 712
37 227
543 697
44 390
200 231
225 455
55 92
20 60
487 524
146 212
596 627
18 30
593 638
497 536
357 499
26 631
120 373
523 553
213 228
120 445
382 420
323 362
168 191
419 479
224 238
501 549
693 732
81 83
419 425
272 281
196 221
531 590
154 673
455 525
88 529
35 677
89 139
8 19
244 272
257 367
474 474
224 493
198 209
691 704
576 578
112 405
473 473
456 490
494 686
235 394
124 146
428 659
199 211
406 443
181 196
653 654
559 692
619 643
47 93
486 492
383 388
532 536
71 75
688 713
733 745
175 188
269 286
559 614
207 231
707 710
463 540
604 737
8 8
4 661
538 596
284 294
412 428
595 607
575 679
569 621
240 483
665 685
651 722
106 128
213 402
374 647
256 258
205 211
53 303
516 576
534 534
524 525
484 571
257 257
347 474
602 636
77 108
455 568
617 701
650 657
570 617
459 723
99 143
256 282
605 612
179 199
308 520
102 189
349 369
237 655
712 713
67 353
395 399
721 725
575 575
262 276
163 188
430 487
315 326
220 655
720 745
134 604
418 466
193 532
656 682
571 577
437 455
77 684
562 590
426 457
692 745
381 389
279 309
464 510
577 612
348 352
549 680
715 724
555 597
195 581
39 56
333 357
509 548
124 653
178 737
74 185
741 744
739 740
604 630
521 706
32 64
93 540
626 696
10 30
327 334
537 546
608 609
743 743
640 726
82 120
34 84
376 387
44 67
460 490
309 329
153 155
683 731
4 407
61 406
323 359
119 119
30 418
120 128
676 683
388 409
301 325
616 627
523 530
708 732
635 677
470 486
403 599
570 593
428 435
538 577
623 744
446 492
52 139
119 159
530 536
297 395
430 586
540 546
142 541
124 370
461 545
162 375
23 727
299 301
87 368
731 740
626 629
190 240
571 574
391 605
357 382
453 642
112 165
292 323
467 498
621 646
132 267
278 474
491 500
432 460
597 630
31 344
343 344
552 728
285 389
574 709
142 199
414 421
692 709
560 610
617 739
531 541
305 335
332 424
639 643
299 310
470 481
308 327
492 492
617 669
665 682
57 66
252 728
259 259
460 463
234 248
693 728
668 736
507 508
367 385
670 697
616 698
404 635
627 688
709 734
251 300
494 505
417 464
541 555
232 633
213 335
248 252
420 498
529 533
259 276
581 583
231 246
263 595
345 348
669 670
554 573
718 737
256 725
520 520
691 693
253 417
27 52
538 576
41 50
174 366
92 415
137 151
279 341
321 488
527 704
149 202
96 274
492 565
203 434
245 468
631 631
96 116
459 464
425 514
590 683
55 343
67 75
315 377
252 578
418 424
262 481
379 564
289 291
675 703
555 584
692 711
692 744
526 706
523 552
308 731
342 515
656 666
645 700
129 674
685 736
663 728
87 341
519 577
342 467
264 501
689 697
325 393
142 195
355 516
276 280
135 137
678 733
112 156
607 663
160 160
122 146
317 393
257 273
561 577
689 699
216 219
484 484
351 648
28 273
279 669
648 671
638 647
26 723
374 562
724 736
152 460
622 672
354 580
560 618
609 646
213 257
82 598
521 556
451 467
16 595
349 414
249 514
204 212
617 657
659 725
300 302
462 636
430 454
656 661
459 523
458 510
337 407
33 68
498 514
47 53
474 580
595 647
266 394
492 540
629 638
645 744
276 291
651 656
555 727
1 2
201 701
185 258
405 727
259 716
444 494
426 566
496 499
712 723
454 462
718 735
254 278
12 89
396 424
183 201
48 85
72 464
387 524
216 602
25 176
570 630
99 105
134 441
392 521
288 291
50 112
441 471
504 639
545 587
75 90
41 60
27 57
636 742
546 731
108 575
63 463
278 332
339 368
374 375
231 286
328 712
287 595
86 107
598 653
495 546
323 328
551 564
199 199
271 549
179 233
34 46
480 508
356 434
445 490
435 445
83 89
54 86
168 180
231 260
558 571
265 346
14 79
731 732
110 142
22 51
62 91
496 498
456 489
109 121
676 729
440 628
132 145
496 553
118 166
7 553
421 438
430 587
104 126
622 676
563 583
478 488
177 201
552 614
735 738
697 720
91 93
230 485
673 673
272 280
630 637
696 700
360 409
636 684
684 698
145 184
500 538
345 559
78 448
654 731
723 743
236 300
299 299
445 510
90 142
408 408
590 595
655 667
281 385
418 451
63 597
511 542
292 308
97 571
397 459
298 350
293 299
144 163
536 558
598 624
431 717
727 736
357 369
144 151
105 296
346 363
477 491
273 282
453 582
268 507
436 460
133 184
529 724
118 120
489 495
254 272
645 661
658 738
335 337
451 484
45 64
548 555
232 239
184 187
549 599
359 635
181 311
263 297
550 552
194 448
317 361
362 374
269 343
672 684
300 536
228 238
645 709
668 701
257 258
691 721
76 107
715 727
663 675
617 629
698 729
584 648
15 17
673 741
610 652
580 683
268 577
633 674
570 578
159 409
476 484
426 710
464 732
15 258
564 645
430 432
14 51
557 573
565 565
1 15
551 584
491 692
742 743
53 248
11 19
65 499
585 627
210 688
388 588
172 176
357 713
70 644
61 147
130 135
712 729
419 449
314 363
206 287
554 588
631 642
55 290
246 310
357 373
666 707
221 320
446 449
359 421
375 456
154 158
737 737
693 732
305 341
336 416
668 706
521 708
707 723
555 563
631 691
642 663
529 590
277 283
46 59
189 255
408 410
506 511
58 60
365 365
584 657
216 545
458 477
132 179
652 656
275 276
2 85
576 603
390 529
721 741
700 743
39 46
586 686
667 676
712 715
637 740
485 566
295 331
470 473
342 410
618 630
691 735
428 486
315 660
83 91
47 207
200 272
489 722
256 311
569 616
514 610
353 537
366 398
424 458
369 417
394 455
538 557
523 524
53 75
268 289
256 295
522 555
651 716
294 295
122 440
381 430
218 711
42 83
109 644
107 122
203 257
373 551
334 339
589 599
196 215
296 374
472 708
737 737
111 497
453 688
302 401
389 423
639 714
533 547
102 330
701 718
482 508
652 676
714 727
733 739
648 737
540 657
393 433
537 675
300 353
650 658
711 713
656 697
199 336
430 461
307 375
310 628
377 404
587 599
656 667
233 263
462 517
533 594
357 363
176 443
336 342
181 709
58 243
296 305
105 288
717 723
341 349
527 578
138 140
211 213
133 133
390 452
398 415
213 266
3 51
214 239
285 325
184 247
39 377
155 247
91 120
360 408
487 508
391 578
45 129
320 332
53 198
740 742
295 373
173 196
243 247
119 136
5 72
619 659
170 177
37 465
576 633
225 250
246 317
65 82
267 580
578 654
543 691
574 619
369 395
208 211
472 536
416 416
592 594
312 313
106 106
342 364
331 409
650 654
662 712
605 696
730 735
297 312
19 23
588 591
578 589
253 274
606 617
309 384
51 208
561 565
222 265
124 140
652 671
140 216
160 161
153 154
16 20
459 480
558 599
272 442
63 563
581 591
236 545
331 390
652 704
189 278
532 594
385 453
611 728
594 649
385 385
566 625
41 56
244 259
193 535
434 454
432 457
440 449
329 671
559 616
466 489
708 717
66 85
164 180
229 239
202 213
740 744
29 32
595 669
44 142
285 294
347 441
605 669
379 382
535 700
581 610
715 716
287 306
709 738
286 296
