669 475
53 65 70 42 53 4 92 53 79 35 42 97 52 66 81 36 57 7 78 28 11 80 48 63 73 86 76 55 43 73 14 24 81 32 77 96 33 33 83 100 78 33 79 28 1 60 84 89 71 40 43 59 65 34 33 77 84 93 8 95 22 97 30 8 62 61 15 40 84 50 43 88 5 84 87 20 72 55 2 10 10 65 32 57 53 79 9 5 66 10 70 92 77 70 13 89 83 97 29 61 68 8 15 15 6 37 59 1 66 84 83 35 36 90 33 33 41 30 100 87 18 45 52 61 18 12 89 9 73 88 43 10 12 1 73 35 47 93 88 87 17 52 46 97 68 82 17 10 53 44 46 12 39 56 23 88 2 1 1 69 66 70 96 67 84 61 83 54 39 96 14 40 31 59 57 22 21 23 65 48 42 55 75 93 88 25 11 97 36 73 30 46 37 69 72 10 93 6 93 64 26 19 60 54 92 10 76 87 78 93 6 31 58 61 58 32 12 13 2 22 41 89 25 59 85 41 75 29 27 43 70 41 15 89 45 86 9 81 38 74 36 6 86 3 64 34 56 61 18 30 76 59 99 80 67 69 11 14 68 65 19 13 97 96 97 7 57 49 99 98 88 5 42 86 99 74 47 41 69 85 82 88 88 60 99 6 33 19 48 29 89 57 60 53 76 92 53 62 92 32 17 48 35 76 51 49 4 63 1 23 71 82 61 28 97 64 17 27 71 4 47 59 15 20 15 52 95 56 24 78 50 87 50 67 81 99 89 24 62 30 34 22 68 73 8 84 34 22 51 70 42 95 88 38 38 51 1 81 84 81 92 85 52 65 68 74 43 65 78 78 31 19 10 80 10 86 95 30 25 94 5 36 39 17 13 62 78 42 27 39 89 69 100 45 54 33 45 96 2 37 40 54 22 34 4 100 40 88 99 97 84 38 13 52 28 12 55 93 85 92 93 97 50 99 97 37 13 63 8 7 8 29 29 57 76 3 33 57 35 17 15 17 96 6 55 87 51 3 48 87 97 65 4 89 69 99 42 54 76 1 97 17 93 72 86 75 13 81 64 7 65 65 65 2 57 19 36 20 8 62 43 31 3 97 72 89 57 60 19 20 49 77 55 100 51 57 29 36 80 41 67 90 56 8 12 95 42 92 5 6 68 48 72 42 98 35 74 9 92 38 89 50 45 9 56 64 75 22 15 19 57 9 93 78 41 19 52 12 62 16 66 54 61 8 86 75 56 65 31 90 92 96 61 18 4 9 99 56 33 70 84 41 34 60 11 32 29 18 86 42 71 12 90 75 91 53 27 33 71 12 30 3 5 39 88 31 50 19 48 83 51 73 15 86 43 32 96 83 94 78 87 31 1 44 72 11 69 64 89 49 22 37 1 36 55 49 12 4 9 5 56 88 90 9 74 45 96 65 9 49 12 68 79 26 92 20 74 90 70 56 42 25 55 50 100 15 39 46 3 86 10 71 10 72 62 72 47 8 30 60 39 97 92 26 50 83 10 23 44
68 152
397 666
618 626
320 340
69 149
640 657
466 471
396 406
518 563
473 532
377 472
646 666
106 145
379 387
346 485
7 23
599 602
243 546
525 590
328 345
384 416
129 133
266 291
208 241
442 502
217 551
219 225
644 647
80 111
505 527
431 510
56 71
217 406
648 650
121 124
587 593
520 547
225 233
193 270
85 660
433 438
166 231
157 199
519 658
123 147
326 655
532 563
379 380
372 640
463 518
513 548
507 515
291 301
205 499
543 624
391 392
598 658
30 620
42 423
262 669
157 426
568 568
309 379
213 310
663 669
111 161
366 558
427 611
110 141
278 299
284 313
581 605
668 669
195 238
456 465
74 441
608 619
299 323
383 386
538 627
482 484
394 394
181 207
656 662
12 45
343 431
183 483
371 409
296 298
547 581
405 438
546 566
451 563
413 426
668 668
651 669
488 547
664 665
435 439
477 505
257 257
581 639
55 56
113 317
212 249
233 625
482 657
499 658
433 457
514 605
241 251
149 150
126 166
156 162
86 152
643 658
486 522
429 431
298 387
90 115
523 535
233 256
82 640
95 146
451 478
563 668
516 548
475 481
199 501
278 346
574 633
425 494
215 349
443 489
107 174
412 512
325 566
237 383
341 369
190 248
610 617
667 669
27 34
195 208
149 488
364 384
225 300
463 465
278 406
345 621
547 557
222 226
250 254
409 467
463 479
514 515
154 155
605 647
471 471
586 628
400 504
596 611
551 575
398 414
506 511
581 649
614 666
17 90
524 586
533 533
194 202
6 8
625 634
388 418
293 457
422 471
183 225
24 72
478 611
295 296
384 414
294 295
546 640
153 174
464 488
304 666
292 357
62 313
473 518
280 554
566 570
586 639
325 368
240 401
112 112
497 533
557 563
338 343
154 158
237 247
243 616
196 196
398 400
419 437
237 257
376 451
194 194
39 581
137 443
274 641
607 612
393 393
525 587
57 81
418 466
281 472
112 238
522 531
116 137
591 591
131 154
162 547
124 141
554 569
290 543
240 244
103 189
402 428
87 130
230 277
1 33
657 669
184 622
554 569
652 661
126 605
621 626
498 498
609 656
106 119
117 573
54 61
2 310
574 577
269 463
150 180
645 651
648 654
444 481
664 668
210 276
383 447
53 375
388 447
634 661
456 474
146 185
278 327
234 291
134 141
665 667
646 649
203 257
562 617
119 121
145 163
47 59
95 145
533 614
63 110
669 669
531 533
418 459
625 653
563 565
350 572
309 545
99 248
596 632
526 540
278 461
231 244
22 163
428 557
523 576
121 143
52 71
45 454
265 266
194 199
551 606
366 552
81 128
264 661
621 623
258 409
652 656
18 38
375 386
187 294
75 538
585 659
301 368
189 310
145 488
513 588
160 212
225 245
663 669
312 584
668 669
69 270
560 576
66 109
578 622
105 121
606 642
391 392
445 541
379 567
400 454
228 265
198 203
81 81
470 631
374 542
414 418
400 626
216 232
200 627
631 642
486 553
104 229
434 527
427 619
324 529
318 325
393 443
118 118
433 462
585 604
189 241
159 171
434 478
516 537
353 420
212 518
292 329
71 78
254 255
55 605
436 523
47 68
38 50
439 645
372 648
643 644
643 646
524 621
309 357
7 386
463 541
440 446
209 657
208 659
290 345
415 427
637 646
90 114
345 559
469 476
387 409
501 628
507 556
424 450
77 547
443 503
644 644
161 165
201 233
348 437
274 578
90 124
189 222
652 662
661 669
251 253
503 559
648 659
404 651
10 12
546 557
614 657
395 446
188 258
620 656
89 89
556 631
452 587
395 478
29 85
304 354
399 439
658 659
207 410
206 250
199 204
645 645
298 308
528 529
669 669
369 372
174 205
514 531
615 629
582 625
289 423
276 278
351 575
208 271
606 647
136 171
362 589
656 661
656 662
220 224
530 635
201 517
600 607
249 266
361 392
404 446
459 539
62 399
35 283
277 286
625 645
415 431
200 205
178 209
318 353
225 442
3 19
627 643
460 483
412 453
239 584
52 126
57 59
592 647
477 497
331 631
232 295
73 87
372 589
212 215
84 170
81 248
219 219
234 488
164 192
235 255
556 561
203 226
279 301
410 488
352 356
282 324
103 544
539 596
599 603
253 506
564 578
199 579
271 298
