87 95
41723 194945 124434 117984 67946 197074 64813 167160 72696 136656 127035 164299 62717 71985 115310 20312 187052 74902 61472 71229 88041 83810 141598 21123 36274 39540 60624 100411 181915 40057 185184 56087 16838 108756 106850 86739 142243 122140 108993 16323 54221 110139 102100 153113 182328 5121 150914 99715 125038 1546 92212 78280 197519 102233 109844 141092 195957 192580 143166 158140 57813 127987 57521 71549 114252 127309 7609 101937 88115 175342 178033 105990 189840 43266 122524 33457 163121 140018 7070 103291 155162 147952 173802 7105 22007 168493 112359
18 41
7 20
59 87
49 65
11 80
7 51
29 78
84 85
26 65
20 62
15 29
33 43
78 79
21 34
75 84
87 87
51 63
10 41
14 52
77 86
6 48
48 69
2 64
14 54
59 72
23 57
79 87
62 80
35 40
36 51
60 72
44 55
63 73
36 80
36 48
11 42
72 87
83 86
3 15
32 55
61 74
71 85
35 38
25 59
24 85
36 84
68 81
25 36
39 47
36 40
17 79
14 87
37 58
24 56
62 68
63 84
7 45
11 26
72 79
67 76
76 80
73 82
13 39
81 81
21 30
21 65
77 78
37 81
59 67
81 84
15 34
35 39
8 46
73 80
16 41
35 63
11 58
42 43
12 85
76 86
35 83
23 79
36 63
82 82
61 71
86 87
53 71
85 87
5 21
42 67
66 66
85 86
53 76
80 87
7 23
