76 55
75506 114850 183043 127065 31832 7568 165157 159613 62731 186066 41518 81462 144400 3585 144770 106953 24435 58904 29744 120966 30794 169794 40363 130647 187854 76510 133398 184920 71677 108919 126485 123790 63893 119744 144511 37918 100555 49968 157124 133233 195637 35785 18301 72417 108775 89097 133101 70038 673 74145 190330 78265 153863 152024 173000 128357 38954 117060 141186 126968 90473 87148 144682 199983 142457 98884 119366 84353 49455 182846 62602 149894 100394 61227 107683 11442
41 65
50 75
20 21
65 70
13 69
13 13
19 28
10 31
51 61
69 76
70 71
37 42
56 76
13 51
4 8
46 53
68 70
22 46
31 40
30 59
33 62
37 47
10 47
39 66
33 45
50 53
31 67
38 56
3 53
36 39
64 68
30 52
29 68
33 75
18 75
6 8
75 75
38 49
26 49
68 70
33 63
38 59
15 17
29 75
51 76
72 72
34 57
34 57
14 44
4 75
42 56
9 68
39 46
18 20
64 72
