29 58
74488 74488 74488 74488 74488 74488 74488 74488 74488 74488 74488 74488 74488 74488 74488 74488 74488 74488 74488 74488 74488 74488 74488 74488 74488 74488 74488 74488 74488
9 28
28 28
12 24
5 9
18 20
22 23
21 29
12 17
7 22
7 11
3 11
25 29
2 26
20 22
6 25
26 29
2 25
8 27
10 24
8 23
29 29
22 29
15 27
13 18
27 27
28 29
28 28
10 18
15 17
27 28
29 29
2 9
13 24
8 21
23 29
5 20
23 29
23 23
29 29
27 29
17 21
8 11
14 28
3 22
18 27
8 17
14 21
19 29
3 5
17 25
1 2
21 25
24 26
8 28
4 27
25 27
18 20
27 28
